Accuracy: 85.55025616752235%
MAE: 996.9023624810744
MAPE: 38.46967572477655%
R Squared: 0.8555025616752234
----------------------------------------------------
Intercept: 12836.471489429317
carat : 7841.598852723057
depth : -149.12880877313302
table : -103.65661661499595
