Accuracy: 91.83738523790555%
MAE: 801.060565948264
MAPE: 44.54860399672003%
R Squared: 0.9183738523790556
----------------------------------------------------
Intercept: 3416.215222844984
carat : 4226.433644755025
depth : -29.21254757494617
table : -54.75872610449754
cut_Fair : -600.1805463326983
cut_Good : -4.89352749712747
cut_Ideal : 259.9837206609193
cut_Premium : 188.4793778826726
cut_Very Good : 156.6109752862365
color_D : 822.1722437997448
color_E : 611.2093953738994
color_F : 520.0228113271024
color_G : 316.5378296172534
color_H : -167.43460295821603
color_I : -600.8297766338414
color_J : -1501.6779005259439
clarity_I1 : -3732.4766023694774
clarity_IF : 1605.6193177467203
clarity_SI1 : -243.63041240327806
clarity_SI2 : -1176.245974502622
clarity_VS1 : 726.9219288766936
clarity_VS2 : 412.959449845141
clarity_VVS1 : 1253.234131998761
clarity_VVS2 : 1153.6181608080485
size : -7.769720330622533
