Accuracy: 85.55598199088979%
MAE: 996.7248025452365
MAPE: 38.463719600480026%
R Squared: 0.8555598199088978
----------------------------------------------------
Intercept: 12754.855771858043
carat : 7731.484699046934
depth : -148.22154262086133
table : -103.21927541606287
size : 0.6802142576615609
