Accuracy: 88.52533288842791%
MAE: 905.4954116123963
MAPE: 39.19748489166378%
R Squared: 0.8852533288842791
----------------------------------------------------
Intercept: 3989.061249111674
carat : 3943.697183836577
table : -64.34975507577653
cut_Ideal : 347.05162572932534
cut_Premium : 164.3490728659301
color_E : 369.64958806043325
clarity_I1 : -4177.474342501225
clarity_SI2 : -1450.7758942612918
size : -7.8930168055274805
